              precision    recall  f1-score   support

           0       0.47      0.52      0.49       135
           1       0.00      0.00      0.00        54
           2       0.61      0.95      0.75       177
           3       0.43      0.12      0.19        75
           4       0.84      1.00      0.91       207
           5       1.00      0.04      0.07        84
           6       0.85      0.99      0.91       249

    accuracy                           0.72       981
   macro avg       0.60      0.52      0.47       981
weighted avg       0.69      0.72      0.65       981
