              precision    recall  f1-score   support

           0       0.00      0.00      0.00       500
           1       0.00      0.00      0.00       500
           2       0.00      0.00      0.00       500
           3       0.00      0.00      0.00       500
           4       0.00      0.00      0.00       500
           5       0.00      0.00      0.00       500
           6       0.00      0.00      0.00       500
           7       0.00      0.00      0.00       500
           8       0.10      1.00      0.18       500
           9       0.00      0.00      0.00       500

    accuracy                           0.10      5000
   macro avg       0.01      0.10      0.02      5000
weighted avg       0.01      0.10      0.02      5000
