              precision    recall  f1-score   support

           0       0.96      0.98      0.97       500
           1       0.95      0.94      0.95       500
           2       0.96      0.93      0.94       500
           3       0.97      0.95      0.96       500
           4       0.94      0.95      0.95       500
           5       0.96      0.98      0.97       500
           6       0.96      0.95      0.95       500
           7       0.94      0.96      0.95       500
           8       0.94      0.93      0.94       500
           9       0.97      0.99      0.98       500

    accuracy                           0.96      5000
   macro avg       0.96      0.96      0.96      5000
weighted avg       0.96      0.96      0.96      5000
