              precision    recall  f1-score   support

           0       1.00      1.00      1.00       395
           1       1.00      0.99      0.99       395
           2       1.00      0.98      0.99       415
           3       1.00      0.99      0.99       406
           4       0.99      1.00      0.99       402
           5       0.99      1.00      1.00       402
           6       0.98      0.99      0.99       388
           7       1.00      1.00      1.00       419
           8       0.99      0.99      0.99       389
           9       0.99      1.00      1.00       389

    accuracy                           0.99      4000
   macro avg       0.99      0.99      0.99      4000
weighted avg       0.99      0.99      0.99      4000
