              precision    recall  f1-score   support

           0       0.91      0.97      0.94       500
           1       0.89      0.83      0.86       500
           2       0.82      0.89      0.85       500
           3       0.89      0.88      0.88       500
           4       0.92      0.66      0.77       500
           5       0.92      0.95      0.93       500
           6       0.94      0.91      0.92       500
           7       0.80      0.89      0.84       500
           8       0.88      0.88      0.88       500
           9       0.89      0.97      0.93       500

    accuracy                           0.88      5000
   macro avg       0.88      0.88      0.88      5000
weighted avg       0.88      0.88      0.88      5000
