              precision    recall  f1-score   support

           0       0.94      0.88      0.91       500
           1       0.87      0.64      0.74       500
           2       0.57      0.86      0.69       500
           3       0.78      0.94      0.85       500
           4       0.84      0.29      0.43       500
           5       0.91      0.83      0.87       500
           6       0.91      0.75      0.82       500
           7       0.55      0.55      0.55       500
           8       0.65      0.81      0.72       500
           9       0.76      0.97      0.85       500

    accuracy                           0.75      5000
   macro avg       0.78      0.75      0.74      5000
weighted avg       0.78      0.75      0.74      5000
