              precision    recall  f1-score   support

           0       0.19      0.84      0.30       135
           1       0.00      0.00      0.00        54
           2       0.00      0.00      0.00       177
           3       0.00      0.00      0.00        75
           4       1.00      0.03      0.06       207
           5       0.00      0.00      0.00        84
           6       0.67      0.99      0.80       249

    accuracy                           0.37       981
   macro avg       0.26      0.26      0.17       981
weighted avg       0.41      0.37      0.26       981
