              precision    recall  f1-score   support

           0       0.96      0.97      0.96       500
           1       0.95      0.93      0.94       500
           2       0.95      0.93      0.94       500
           3       0.96      0.94      0.95       500
           4       0.94      0.94      0.94       500
           5       0.96      0.97      0.97       500
           6       0.96      0.94      0.95       500
           7       0.94      0.95      0.95       500
           8       0.93      0.93      0.93       500
           9       0.95      0.99      0.97       500

    accuracy                           0.95      5000
   macro avg       0.95      0.95      0.95      5000
weighted avg       0.95      0.95      0.95      5000
