              precision    recall  f1-score   support

           0       0.40      0.62      0.49       135
           1       0.00      0.00      0.00        54
           2       0.60      0.90      0.72       177
           3       0.00      0.00      0.00        75
           4       0.88      1.00      0.94       207
           5       0.00      0.00      0.00        84
           6       0.90      0.99      0.94       249

    accuracy                           0.71       981
   macro avg       0.40      0.50      0.44       981
weighted avg       0.58      0.71      0.64       981
