              precision    recall  f1-score   support

           0       0.00      0.00      0.00       135
           1       0.00      0.00      0.00        54
           2       0.00      0.00      0.00       177
           3       0.00      0.00      0.00        75
           4       0.00      0.00      0.00       207
           5       0.00      0.00      0.00        84
           6       0.25      1.00      0.41       249

    accuracy                           0.25       981
   macro avg       0.04      0.14      0.06       981
weighted avg       0.06      0.25      0.10       981
