              precision    recall  f1-score   support

           0       0.99      0.99      0.99       500
           1       0.99      0.99      0.99       500
           2       0.99      0.98      0.98       500
           3       0.99      0.99      0.99       500
           4       0.99      0.99      0.99       500
           5       0.99      0.99      0.99       500
           6       0.99      0.99      0.99       500
           7       0.99      0.99      0.99       500
           8       0.98      0.98      0.98       500
           9       0.99      1.00      0.99       500

    accuracy                           0.99      5000
   macro avg       0.99      0.99      0.99      5000
weighted avg       0.99      0.99      0.99      5000
