              precision    recall  f1-score   support

           0       0.93      0.97      0.95       500
           1       0.82      0.91      0.87       500
           2       0.93      0.86      0.89       500
           3       0.96      0.94      0.95       500
           4       0.70      0.93      0.80       500
           5       0.95      0.93      0.94       500
           6       0.96      0.89      0.93       500
           7       0.96      0.77      0.86       500
           8       0.93      0.91      0.92       500
           9       0.93      0.87      0.90       500

    accuracy                           0.90      5000
   macro avg       0.91      0.90      0.90      5000
weighted avg       0.91      0.90      0.90      5000
