              precision    recall  f1-score   support

           0       1.00      1.00      1.00       395
           1       1.00      1.00      1.00       395
           2       1.00      1.00      1.00       415
           3       1.00      1.00      1.00       406
           4       1.00      1.00      1.00       402
           5       1.00      1.00      1.00       402
           6       1.00      1.00      1.00       388
           7       1.00      1.00      1.00       419
           8       1.00      1.00      1.00       389
           9       1.00      1.00      1.00       389

    accuracy                           1.00      4000
   macro avg       1.00      1.00      1.00      4000
weighted avg       1.00      1.00      1.00      4000
