              precision    recall  f1-score   support

           0       0.00      0.00      0.00       135
           1       0.00      0.00      0.00        54
           2       0.00      0.00      0.00       177
           3       0.00      0.00      0.00        75
           4       0.29      0.88      0.44       207
           5       0.00      0.00      0.00        84
           6       0.22      0.31      0.26       249

    accuracy                           0.27       981
   macro avg       0.07      0.17      0.10       981
weighted avg       0.12      0.27      0.16       981
