              precision    recall  f1-score   support

           0       0.14      0.01      0.03       135
           1       0.43      0.39      0.41        54
           2       0.72      0.58      0.64       177
           3       0.49      0.36      0.42        75
           4       0.50      1.00      0.67       207
           5       0.60      0.43      0.50        84
           6       0.96      0.96      0.96       249

    accuracy                           0.65       981
   macro avg       0.55      0.53      0.52       981
weighted avg       0.61      0.65      0.60       981
