              precision    recall  f1-score   support

           0       0.36      0.26      0.30       135
           1       0.00      0.00      0.00        54
           2       0.48      0.90      0.63       177
           3       0.00      0.00      0.00        75
           4       0.80      1.00      0.89       207
           5       0.00      0.00      0.00        84
           6       0.83      0.99      0.90       249

    accuracy                           0.66       981
   macro avg       0.35      0.45      0.39       981
weighted avg       0.52      0.66      0.57       981
