              precision    recall  f1-score   support

           0       0.93      0.99      0.96       395
           1       0.95      0.95      0.95       395
           2       0.92      0.94      0.93       415
           3       0.91      0.99      0.95       406
           4       0.71      0.95      0.81       402
           5       0.96      0.93      0.94       402
           6       0.89      0.96      0.93       388
           7       0.98      0.63      0.77       419
           8       0.98      0.81      0.89       389
           9       0.99      0.96      0.97       389

    accuracy                           0.91      4000
   macro avg       0.92      0.91      0.91      4000
weighted avg       0.92      0.91      0.91      4000
