              precision    recall  f1-score   support

           0       0.92      0.99      0.95       395
           1       0.95      0.96      0.95       395
           2       0.97      0.84      0.90       415
           3       0.88      0.98      0.93       406
           4       0.71      0.98      0.83       402
           5       0.99      0.91      0.95       402
           6       0.91      0.98      0.94       388
           7       0.99      0.81      0.89       419
           8       0.99      0.81      0.89       389
           9       1.00      0.94      0.97       389

    accuracy                           0.92      4000
   macro avg       0.93      0.92      0.92      4000
weighted avg       0.93      0.92      0.92      4000
