              precision    recall  f1-score   support

           0       0.96      0.97      0.97       395
           1       0.97      0.92      0.94       395
           2       0.94      0.89      0.92       415
           3       0.99      0.87      0.93       406
           4       0.77      0.98      0.86       402
           5       0.97      0.97      0.97       402
           6       0.98      0.93      0.95       388
           7       0.98      0.84      0.91       419
           8       0.84      0.96      0.90       389
           9       0.97      0.98      0.97       389

    accuracy                           0.93      4000
   macro avg       0.94      0.93      0.93      4000
weighted avg       0.94      0.93      0.93      4000
