              precision    recall  f1-score   support

           0       0.33      0.36      0.34       135
           1       0.00      0.00      0.00        54
           2       0.56      0.99      0.72       177
           3       0.00      0.00      0.00        75
           4       0.92      1.00      0.96       207
           5       0.00      0.00      0.00        84
           6       0.83      0.99      0.90       249

    accuracy                           0.69       981
   macro avg       0.38      0.48      0.42       981
weighted avg       0.55      0.69      0.61       981
