              precision    recall  f1-score   support

           0       0.63      0.98      0.77       135
           1       0.00      0.00      0.00        54
           2       0.96      0.98      0.97       177
           3       0.60      0.75      0.66        75
           4       0.97      1.00      0.98       207
           5       0.58      0.21      0.31        84
           6       0.97      0.98      0.98       249

    accuracy                           0.85       981
   macro avg       0.67      0.70      0.67       981
weighted avg       0.81      0.85      0.81       981
