              precision    recall  f1-score   support

           0       0.55      0.99      0.71       135
           1       0.42      0.15      0.22        54
           2       0.92      0.99      0.95       177
           3       0.67      0.29      0.41        75
           4       0.97      0.99      0.98       207
           5       0.52      0.20      0.29        84
           6       0.97      0.98      0.98       249

    accuracy                           0.82       981
   macro avg       0.72      0.66      0.65       981
weighted avg       0.81      0.82      0.79       981
