              precision    recall  f1-score   support

           0       0.89      0.98      0.94       395
           1       0.88      0.89      0.88       395
           2       0.88      0.79      0.84       415
           3       0.88      0.93      0.91       406
           4       0.70      0.93      0.80       402
           5       0.93      0.95      0.94       402
           6       0.98      0.75      0.85       388
           7       0.95      0.83      0.88       419
           8       0.80      0.84      0.82       389
           9       0.98      0.89      0.93       389

    accuracy                           0.88      4000
   macro avg       0.89      0.88      0.88      4000
weighted avg       0.89      0.88      0.88      4000
