              precision    recall  f1-score   support

           0       0.87      0.96      0.91       500
           1       0.87      0.76      0.81       500
           2       0.79      0.83      0.81       500
           3       0.86      0.82      0.84       500
           4       0.81      0.69      0.74       500
           5       0.86      0.88      0.87       500
           6       0.86      0.87      0.87       500
           7       0.80      0.81      0.80       500
           8       0.83      0.80      0.81       500
           9       0.82      0.93      0.87       500

    accuracy                           0.84      5000
   macro avg       0.84      0.84      0.83      5000
weighted avg       0.84      0.84      0.83      5000
