              precision    recall  f1-score   support

           0       0.40      0.90      0.56       135
           1       0.00      0.00      0.00        54
           2       0.86      0.98      0.92       177
           3       0.00      0.00      0.00        75
           4       0.96      1.00      0.98       207
           5       0.00      0.00      0.00        84
           6       0.94      0.99      0.96       249

    accuracy                           0.76       981
   macro avg       0.45      0.55      0.49       981
weighted avg       0.65      0.76      0.69       981
