              precision    recall  f1-score   support

           0       0.96      0.98      0.97       395
           1       0.96      0.95      0.96       395
           2       0.89      0.97      0.93       415
           3       0.98      0.91      0.94       406
           4       0.91      0.93      0.92       402
           5       0.96      0.97      0.96       402
           6       0.98      0.93      0.95       388
           7       0.98      0.85      0.91       419
           8       0.84      0.97      0.90       389
           9       0.98      0.97      0.98       389

    accuracy                           0.94      4000
   macro avg       0.94      0.94      0.94      4000
weighted avg       0.94      0.94      0.94      4000
