              precision    recall  f1-score   support

           0       0.00      0.00      0.00       395
           1       0.00      0.00      0.00       395
           2       0.00      0.00      0.00       415
           3       0.00      0.00      0.00       406
           4       0.00      0.00      0.00       402
           5       0.00      0.00      0.00       402
           6       0.00      0.00      0.00       388
           7       0.10      1.00      0.19       419
           8       0.00      0.00      0.00       389
           9       0.00      0.00      0.00       389

    accuracy                           0.10      4000
   macro avg       0.01      0.10      0.02      4000
weighted avg       0.01      0.10      0.02      4000
