              precision    recall  f1-score   support

           0       0.99      0.99      0.99       395
           1       0.98      0.98      0.98       395
           2       0.99      0.98      0.98       415
           3       0.99      0.99      0.99       406
           4       1.00      1.00      1.00       402
           5       1.00      1.00      1.00       402
           6       0.99      0.99      0.99       388
           7       0.99      1.00      0.99       419
           8       0.99      0.99      0.99       389
           9       0.99      1.00      0.99       389

    accuracy                           0.99      4000
   macro avg       0.99      0.99      0.99      4000
weighted avg       0.99      0.99      0.99      4000
