              precision    recall  f1-score   support

           0       0.93      0.97      0.95       500
           1       0.90      0.84      0.87       500
           2       0.85      0.87      0.86       500
           3       0.89      0.91      0.90       500
           4       0.93      0.68      0.79       500
           5       0.91      0.95      0.93       500
           6       0.94      0.88      0.91       500
           7       0.80      0.91      0.85       500
           8       0.87      0.86      0.87       500
           9       0.87      0.98      0.92       500

    accuracy                           0.89      5000
   macro avg       0.89      0.89      0.88      5000
weighted avg       0.89      0.89      0.88      5000
